1990111111 9391119919. ’ 521

Gap. 1191. 1031. pag. 01111, ver. 211111. pag. 0411191. 19111. pag.
11.11,12. 11233 xiii. 1-1. 11282 1112924. 11199257

12,13,16.-163,233 4, 6. -388 xii. 4-7. 1359218
1.6,8-19.-91 10. -178 28. 11.43,131,233

14. -101,123 13. -283 xiii. 2. -118

11. -90 xiv. 9. -85,96 9. 1356

19. —120 11338

13. —Gr.Fr. xxx. 1. COR. 9‚10‚12,..170

1ο. 15. -37 19. 1951

vi. 3.4· 113, Lao : 11. 178, 263
9. -91,242 23. 11. 96 11120.

1299921, 26, 28. 1. 320 xv. 3-5.
22. -333 29. 11106 1 8.

1119. -343 ’ 136. 915 9 19.
14. -101 91399 11.
18. —1o7,284 9, -429 ἱ 12.

24,25. -108 10. 1356 1 139999.

1111. 3. -191 14. -11 194199.

8. -346 11341 21.

9. -999,911 15. 111159 11.

1641111. -347 11. 269 2326.

11. -91,333 111. 11999. -941 23.

13. -3133911- 2, 3. -294 2123.

13,14. -347 7. -234 32.

15. -176,339 16. -335 36.

19-21. -414 17. -168, 336 41. .

21. —429 11. 4. -170 42-44, .

95. 1991 v. 3. -244 49, 49.
19139 8. -Gr.Fr. 43.

111. 5. -84,152 xxxvii. 11. 343
9. -193 11. -143 49. -919
19-13. -226 11919. -149999 49119. -349
25. 1. 91 11, ..1499119348 50. 1. 239

11223 12. -288 11.341,345,346,

1534. -179 191419 -999 353
69· -33 15. -319 51. -955
3 -3 3.3,ffl2.-m Ι m 43m,33
16· -72 1 14. -119 9 359
29. -32 21. -188 539199. -357

9119. 111 91. -151, 199,,1159 34. 133
17. 11114, 111943· ¹ 54119. u. 119
21. -242 viii. 1. 1345 !
24. -345 45. 11. 24
26. *¹150 11.-97 i
32. 196 111.24-27. -290

11. COR.
ii. 15, 16. 11. 246

11. 106 ¹· 1-13· *242 11119,
99. 191 4· -186 iv. 4.
34. 11.314 -SynFr-xffl 1010q.
36. 129 5. -282 11.
·· . 119911. 11. -193, v. 4. -191,1’91,399,
nni. 16· *961 318 357
9. -939 33. -288 Ι 1111. -199
13. -393 1343. -51 9 imo. -134
, -999 3 10. 4⁷0 9 111194. 1999

 

