544

0111110011010010, 0701 0100110, idid
0111010 01 011000, ll. 100 11. 1
000001, 0 000110 201100, 100, 101 01111011,
10, 00, 1001 0101010οο000, 111
Velentininn 000001 10 Sor. 70, 01, 1721
10101011, 277, 000
00100011, 20,11, 220
00110111 11010 0. Jolrn'e Gorpel, 70-00,
01,00
1101δο101110,220111010000 1011111100 0111,
0110101110, dispositio, 02
rnrlonely rendered, 01 1. 21 00 0. 21
110 0. 2
κατ’ 0110100101 trepens, 021 born 01
11011, 100
010100 through word to knowledge 01
Bytbne, 100
destroyed 00011, 101
omnipotentie 011111100 11000201
ὁμογενεῖς 01111101, 20 n. 0
0110011010, ejusdem nudantia, 12 11. 01 49,
00, ror 0. 2
0110111110 00 01110111 11111 Ligbt, 000
. 01001 with Fetber, ii. 1101. 0
000110101000101110111. 09 1.2
0011101, orig-inei Gnoetioe, 11111 monning 01
00010, 202
00100010101011000 1101011 principle, 220
011 200 nli
01001-10000011010, 211 n. 1
represented the 100100 1100011, 211 0. 21
0 0011101001 001100, 211 1. 01 000
11011, 11.
ophites, oonrpered 11111 00111010, 220 0. 0
110110 011100,101 1. 21 0100100, 01 tirey
0010, by 010 0111 1011111, 202
1100000110,0100000010111111,220111011
1110000 000 01 1100 0110001110, 221,
2021 010 001111, 221
drot 000 10000οΜ01000 Spirit generet-
ed Ligbt 01 011111, 227
1110 101101οω0001 1110 11011 1100000110,
211 1.2
11101101 0010001101, 0011000100 Prnnl·
001, 2201 und 1110 011101, 11.
Omont, 282 ,
010101111010010110 oo·ordinnte, 227
Protnpleet glssnntio, 202101 0101, wholly
01111111, 2001 000 011011101οι 000000
0111001111,200
beroe 1100100 Intelleot 010 Enthymesin,
10011110002001 00111001111010110,
200 00
ophite Peyeleolopp, Mnn'n 1011000100 110011-
ledge 01 00010110,2011 ond 00100110011010
0011110001, 10., but deprived 01 Liglrt, 11.,

INDEX OF wonDS.

100 1111110 101010000, 2001 10 10001110
gron, 10., 01 merely 00101110, 10.
1101 01 011000111001 heaven, 200
’110110110101101 0100010, 210
00100110100 0001 001, 10., 1110 0000101οο
0110111011 000 1011000 0 1000111 1101-
0011011200
There 10100 0011110 destroyed 0011, 200
’110 01001011 1001110100 10 11001, 207
0111001011, birth end 11100100 01 0111101,
0100001011οο by 0111101, 200
1110000 01 011111 001101100 00 10000 110
001101 01 working 01100100, 200
J 0101 only 111001 010 better 1100 011011,
011101 00101100 10100 11 0100101100, 200
101100110010 00100 10 10110 1111, 11.
01111 111 11010001 001010 rem-ineo 11
world, 11.
10110 11011111 01101 10001100ΰο1 100011
tire 1110010100,Ἇο
pontice, 1110110110, 212 n. 2
100010100 0110, 0000, 0010, 211 0. 01
11001, 212
Goepel 01 10000 10001101, 212 10. 2, 0
need Goepel 010010111010 n.1
1111101111 0001001000
01010011000111111011011, il. 070 1.0
010111 11001 rire, 200 1. 11 201
original 011 pnrged by 0111101, 11. 0701
through 111111, 11. 100
11011100 00011, 11. 007
Osiris, eqneone 011001010,101 0. 01 200 11.1
00010 0111, 10 n. 01 21 110
oriola need by Philo 101 100101101 tub·
010000,1711.01000.2
10 by 11101000,ιοί11. 0
end 01010101, 129 11. 0

Πᾶν, 0 00110 0100101, 7110111110. 11020
Pandora 00110101101101 Sophiste, ii. 117
2000010, 1110 prototypo 01 Vel. Soter, 200,
Ρ10101010011011, oi. Cerponretee, 212 0. 0
0001101001 01 nntiqnlty, 20 0. 2
10110001 10010 11011011 1100001 01 01101-
111011 11 10010, 11. 0 n.1
Pepine 011011011 1111011001, ii. 2 n. 11 010-
001100 110 011110010000011010000010,10.
Pnreblee 10 10 11101010100 by 0 1100 1100-
1011, 001 eooordlng to ennlogy 01 101111,
010, 002
Veientininn interpretatione, 20
1001 01000, 701 01000 01110001, ib.
01- rineyrrd, 11. 276, 270
01 1001111110-100001, 11. 200, 201

 

