5ae

1111110, 11. 101, 103, 108, 131, 301, 300, 111111111111111111 111111111οο 01111111,

310, 310, 381
3111111111 011110 111 1111111, 3001 11. 83
0111111111 11111 ot 1111111 (111 1111111)
0111111 1011 11 1111111111111, 310

INDEX OF WORDS.

131, 133

111 AEone' 1111111110, 31, 313
111111 11 811, 300
11101 comprehensible, 11. 81

111111111111111111110 11111111 111111- 11111111011,111111111 (1103111111. 103,

1111111 110 1111111111, 30, 310 n. 1
11111 01111111, 11. 81

κατ’ 1111111111, 80, 1011 11. 33 1.11 31

1131 13

A 110 o, 1171 1111111111111111 11 men,

113

mmmm

111111, 11 11111111 111111, 131, 301, 311,
310, 331

1101011111 11 notione, 313

1111110 trono 111111, 333
11111111313

11111111 011111 monetent„ 118 11. 11111131111111, 330113

1,3

11111 11 1111111 11111111, 311

11111111111111111110, 118111 11111 11 111,11111111111,11111.113

quadruplo 11111111, 00
1111111111, 11013

1111011111 1111111, 11111 111111 111 111
grene, 11. 311

11111111 011111, 130, 110, 110, 333, 331 1111100θῦ111 MfflWfl'mv ⁸⁶ Η

110111111ιί11 118 11. 11 331

1111111111111,1111101110, 11. 313 1.3
1111111111 11 31111111, 103 n. 3

11111 1111111110 111 1111111111 Val, 12, 11111111011111111111111, 110 n. 1

30, 313, 310

11111110111111111, 381

1111111111 111110 111111 1111, Vnt. 31, 11111111111111111111111111111,11.300

333, 330, 330
111111 to 8111111111, 330

1111011 altem 111 Deo, 11. 330
8. John tired tn 111 reign 11 111111, 3311

(01111111011 110 01111111111111 11 11. 10

1111111, 301, 3111 11. 13 1. 0

1111110, 11. 103, 108, 113, 118, 300, 310

1111111111 myth from 11111 (111111, 111

. 1111111111 othere, but 1111111111, 300
11. 01 311, 338, 313

1111 1111181111111, 111 nom Gonoor.
301, 310, 310

1111,31111·11’11.1081 Baetem 0111·-
11111311

11111 offer not, 11111111 ot 1111111, 11. 303

before 11011111 111011 ot 0111111111·-
11110 01111111111111111111 1111113011
11111110 11111 who 11110 mehe 11111
free, 11. 300

S. lgnettue quoted, 11. 103

111111111, eourne ot 1111, 333

11 thing· before our 111111, 300

1111111111 11111, 183

Ignorantia 11111, 308

11 10011111, 331 1. 0

1111111 1111111 with 0111111111 11 Ephe·
111, 11. 131. 3

111 11111110 01111111, 11. 0 1. 3

how 1111110110, 11. 18

wrote hie (111111 11 11111111, 11 reqneet
1111111111 11 Arte, 11. 31. 3

11 1111111111 Cerinthnr 110 other (1111-
thoe, 11. 10

preferred 01 Valent. 11. 10

11111110 111 111111111, 11. 01

1111 111110 1111111 quoted, 11. 801. 1

1111111011,111111110111111111111111111,
11. 110

S. John the 11111111 more 1111 eprophet, 11.
13

hie preoohtng, 11. 80, 31
1111111110 111 81111111 galde, 11. 133

111111, 111111111111 1111111111, 11. 100, 100

1111111010111111111 men, 11. 333, 031 111111 believed the prophete, therefore 1111

11111110, 11 Word 11101 111111, 11. 308

11111111, 11. 330

1111111111 1111111111 11 (1111011111, 31 1. 31 83 11111111, one ottho 011111 prophete, 331

1.31131.1113,111.11011.3108131

11111 11 0111111, Gr. Fr. 111.

oon.1; 01 n. 11 031. 31 08, 113 n. 01 133 1111111,11111111111111111111, 1831. 31 138
1131130,1131.1;330,30011.1.31300 110

11111111111110131111, 11 310

1111111110 from Pleto 110 11111111. 303
1111110101, 301, 300, 3311 11. 310
1111111111 (1111111111, no 1111111 dogma,
11. 88113

1111111011 1111111111, 001. 31 11. 311. 310
111111 1111111 incorruptior, tt 100 n. 1

epologteee tor 1 rough 11111, 0

011111 1111111111, 0

111111111 11101111, 311

1111111110 wtth Apoetolioel 1111, 331

1111110 heard 11111111, 11. 13

111110 to the· 1111111111 11 111 word, 11.
313

 

