1

INDEX 01¹* WORDS. 553

8011111111 1111110111, 79

111111111111,41.8186-001.8109,

11211ξηί01 0111111111, 85-81, 61, 69

111 8011111111 1111111111, 04, 09-80

111 11111888, 869

11111111 11111 b, 8011111111 termo, 801

(7011111101 8101111101111, 76ὰ881

11111111 1110 8. 11111, 11. 78

003111111118101 01 christu 111111111, 80
· 1

1)υέ2101111 11111γῶ101 τῆς 1111101111, 11.

Valentiniano 1111Ι1010111111, 161 0011011111
111111011111, 11.
1111110111, 64-67
111 111111 themselves 111 11101 1111, 60,
878, 818, 814, 808
hamound their converte, 11. 19
111 11111111 111 01110110, 8081 1119
111011-1111111, 800
1111111011, 111. 41 18, 8011. 11 89, 97,
98, 901. 81 111,118,181,188, 880
1101111111 Marcionites, 11. 1, 08, 816
110111111111110111111, 11. 144
worn 1111 1111111, 8781 11. 144
0011111101 1ο 111 dog 11 111 11111, 876
11111 guile 111 11111111, 11. 80
1111111101, generally 1111011111, 819
Victor 111111 by 11111111 1111101111 1110-
11111, 11. 4671 Syr. Fr. 111111.
11001111101111 111 11111111, (11.111.
111. 01. 0111.
virgin prophetie sign, 11. 106, 107, 110 1. 81
1181 brought forth 8111101111, 11. 104,106,
lmmm
111311 11111, 1111111 10 infirmit„ 11. 881. 8
1111101111 011111, 11. 870
111011 11101111110111111111111, 11. 189,
1818781. 11 87018
tola 0111111111 nentis 10111111, 11. 188
1. 4
1111 1111181111 11111111 by 011111, 11. 88
111101 01 God, 111 11111111111 11 1111111,
11. 488
10111101, 1111111111 111111 0011111111, (11.
81. 1.

11101101 01011111, 11. 88
’1111111111 018111111, 11. 07
Christian, 11. 88
1111001111, 186 1. 1
111101 011111 with 1101, 11, 100
11111, supposed 11110111101111111101,108
1. 8
0111011110 (1101001111, 100
1111001111, 144

Pytbngomn, 897
Unity 01 111111, 1111111111] 11101111, 189, 809
1161 948, 849, 964
01 (11110110 11111, 98-94
1111111111111 0111111111 8111111001, 11. m,
889

0213101 1111ὲ1111 by Carpocrates, 807,
, 848 1.

water, 11111111 01 Holy 811111, 11. 1851. 61
111111, 11011 11111 01 Achamoth, 91, 80, 48,
0111111 principle, 8891 01 Thale· 111
Romen-,m
111110011113, 1111010181, 11. 197 1.8
11111011, 11101111 01811111, 11 Word 1101
Son, 998 1141 11. 198, 104, 818, 814, 816
11011111 1111, 0011111111 01111111111111, 11.
women (1111001111), 00111111111111111111,
117
8111010011111111111111111 111,11. 8111
111011 111111 0101111111, 11. 898.
1111’11111110101,0. 164. 166
uppenrod vuiously 01011, 11. 179
(11160901)
0011111111] 10 11111111(1’11111.), 141
101 10 1111111111, 68 (Simon), 198
111101111110110 (101, 111100111111111
mmm
11111111111111111, 11. 881, 888
world, 1111111, mind, 1111111118
(val.) created 11111 11111111 11111111,
1111011 knowledge 01 Demiurge, 104
0111111 11011 nothing, 188, 8741 by
11011 111 1111111111, 860, 848, 8081
11. 41, 8641 11111111οω1, 868
111 1111101 0111 11111111 my, 11. 161,
168487
11111 11 111 days, 111101111111 thou·
111111111,11.409,406 .
111 111 1111111111 by 1111111111, 69
1111111, 868-8881 11. 818
0111111 by 111 1111111. 41, 917, 879,

Your, 1111111111 myth, 841 1.1

10 type 01 81110111, 840
1111111111, 887
1113601 8111111111 1111111, 1991 1111111,

81111, 11101 01811111011111, 8801 111 01111111,
898

801110, 1111100011 11 111111, 106

mmffimffim
11111111, 886, 880

 

