034

0000111100 by 1100001101 00 00000001001101
101111 001-101, 11. 331, 01. 336
The 111000 000000110οὓ 11001110 11111 1010101100
11010 0100113611 10 00 00006 00000 100
001111, 3300 01010 11000 000 blood, 000111010
01 001111, 11. 343
1010100 by vel. 0000311000 χιτῦν, 60
110 1011011οο 000100 0000000133 0. 61
11. 143, 313, 366, 3031 1010100, 363
incorruptible through 10000ιὶ00 01100
11000000 111000 0100110111304303331
’100 111000 000 0011111000100, 11. 306
10 0010000100, 11. 340, 347, 343
1001010100, 100 000000 01 100 3001011344
3010110000, 01000011000, 11. 33, 33, 31
Fame, 01 000010011οο 11010010 01000000,
131
3010101100, 001111001 by grece, 11. 333
3010101100 01 0011001010, 33 0. 4
by 00001017 030 30 0. 40 31 0.4; 33
0. 13 33 030 ww 43 0.1
01100 10060010, 1331 hy 00000101100,
131; 0110010000101000001010, 133, 134
free 01111 01 1000 00100100010100111100000,11.
104 0.1; 2ae; 000, 11. 130, 133, 386, 336,
we, 333, 333, 300, 304, 316, 307, 333, 404
010001100 010000100011. 336
0101100010οε0 1600110οι 01010, 11. 330
’0010100001000000,”347 0. 1; 303

11001101, 100 010000001, 11. 333
(1001, 110 0001001010101000, 6 0.1
(000 01101071)
(1000000, 100011010011. 436
(10011100 001 wholly without 110111, 11. 61, 133
persecutore 01111 0010 10011 00011. 404
01100011] 01 0000010100, 11. 333
00011000 111111 0 1010010 by 31 Peter, 11. 71
1100000 charcha, 33 0. 3
(110000000010011001 001100, 11. 33
(11010, 101010, 01ιο00100, 11. 176, 133, 331
1101 1100 everywhere 0000, 11. 433
(100010, 0111100011, 11. 133, 303
110 1001010010 005001, 11. 133
(000 1100010000)
7101011001 1000100οο 01 31010, 333
3010001100πο 001010 1100, 13, 31
011 000110000, 33 0. 1
3001110100 01101 00011, 137, 133
required 10 0011001 100 001111001 011001·
010, 63
100000001010 10 1110 many, 434
1110 01100 31010100 derived 11010 301000,
630.1;760.1;730.6
(1000101 0011110011111011111 0100010, 63 0.1
1100001011ιο0 1100 01 knowledge 10 Ber·
00100110 0001010, 334

INDEX OF WORDS.

110000101101011000 000000 tamma,
the 310100, 33110 00010, 3360 000100, 10.
0110101103361 Pyre-gone, 337

000 1110101010 0000000000, m
30100100110, 334

(000 Emeum)

(1000110 0111010010, (1000010, m 0. 31 30110-
00011001,166; 00001001, 170, 171, 3341 0000-
00-0011010101,163,130; 31010010, 3331 Do-
00110, 133, 137,300 00. 4, 6,6; 1100001ὶο10-
1100, 376, 000

011010 10 310100 010000, 6 0.3; 33001,
311301 11.1, 67,3ὃ3;11110000160000-
001, 11. 13

00111000 01 111001 01000001101000,
347, 303

0000101 101011]111100000,333

1100111100, 11. 313 0. 3

0010000 011011 10110, 11. 30

0011011000, 11. 3760 001 0100000 010000οιοο
0110, 11. 146

10000, 11. 3101 1010011001 1000 0111011011.
313

00010 0000100 by Cerpoeretee, 310

0000101 1010101100, 363

(1000001001, 0001οο110000 1100000 wrote, 153

10000 1110 110110 subject 10 Laba 000
error, 2603 000 00110000, 361

compared 10 Tree 011100010000, 11. 330

(1000110 0101000110, 11. 31, m, 373

011000000,11.3310.61 1411143337

000001100, 11010 000 01300010101130,

100100 rm 1001110100 01 001001100,11. 63

010110 10000 by 00001011. 41

,40001100 000110 10 10010 ee 10111, 11. 63

100 00011010 10 (100001, 11. 66

0001100000 11001 0010101 1000, 133

1001010100οο 010011000, 336, 373

0011000111] 01001100, 304 0. 4; 3710 eb-
0010110373

1010000 010111ιο0, 133 0. 3

000100 1100οπ001100 01 11000, 133, 3701
11. 145, 146

01001001 0101000100, 134, 301, 303, 370,
311, 374; 101001 010, 314

110010101110, 133 0. 30 133 0. 4; 314, 330,
390, 371, 373

prejudiciel 10 Τ1010, 307 00. 1, 31 343
00. 3, 6

(10111 00110001] 001000, 100000 000, 334, 337 3
¹'niele 001100 (100 001 000, 11. 30, 37, 30,

31, 146, 383, 331
by 001111 000 1100011011, 3370 11. 13
by 3. 0101111000, 11. 30, 311 3. 110110, 341
3. 110111, 30 ; 3. 1011010

 

