1110011 on wonue. 529

. ’10000000 01011,11.270;10000100101 01100100,οω0110011100001,1070211001,

110100, 11. 211 1110 000001οΙ reign, ii. 221 11. 473 heretioe mede 1110110, 108
died 00101]1000, 11. 412; 10 010000, 11. 00100 0010, 01Ρο11100000,11.288
241 0. 1 (000 Heli, 0000001 into) 0010100000, 102 n. 2; 127 0. 13 001001 01
000100010 the 11000, ii. 220 n. 21 412 11000010 0000110100, 102 0. 2
100 0010001 01 001 110ιο000000, 11. 412 011101001100110]01101001, 102 02
restored communion between 0100 000 010001001011101000,127
000, 11. 101, 210, 298 'oi Sebeiliue, 111 n. 0
00110100 dodo. ii. 290; 00000000 1101010291· commendarent, the guent, 11. 178; uniter the
0000110000101000010000100110011, 1109 Lewend 000001,1“0.
00131000]010010,11.120, 121 · 0001000100, 000110 10 000100, 121, 120
101001000001 0001011. 248 0001000010 000001000001011]10,11. 28
, 0000000 10 00010000, 10. 000010100001000110101],11. 221
010 00 0110010 000 1011100,11.422 0000001011οο 0] inanitione, 110, 200 0. 4 3 01
. jndging 011 01010ομ0 010000, 11. 200 100 Word, 220, 322
0111000100] 01 100 Aet· 01 Ap. ii. 74 0.2 consideration 101100 werkin 10110, 11. 188
Chureh, 80000000 Dei, ii. 22; 0101001, 11. 132 000000001100, duel, 01 0000110, 03
01 1000000100, 11. 21 0] 110, 02; when 1001101 00010110100, 10.
end spirit 0010010001, ii, 132 0001100000 0100011000 0] 00001100, 10 100
10οΒ00] 01 001101, 11. 100, 274; preder- 2120111, 67 M
tired, 01, 1121 0000 01 000, 11. 100, 224 0001010100 01 Achamoth, 20 0.2; 40 0.2
00011100 0010710092, 27; 11. 02, 270, 00000010101 01 8010011010 hon 01 ,4000-
278, 272 , 01011047
01110001οο0 ponere, 270, 270, 270 100 work 01 Demiurge, 40
001· 010]οη bring 100 0000 10 1110270270 but 01 0 101111οι1 euenor, 4011·οῖ 18
1100 11001 000010000000, 271, 270 0. 1
10010000 0] Christ, 72 0 0000010110 001100, 47 02
Ρο100100 0100100 00 0011011. 272 0110011011ίῆΜῶ
0010101οᾱ 0] 801111, 00 000] 0] 0100111, 11111ίο1110 Demiurge, 217
11. 1211 note· 01 000100, 11. 202 0.2; 0000001101,11.81, 104
00100110 000 One, 22, 271 11. 121, 278 1101000010 with Men 1011000, 20
0010010000 throughout the Eut, 22 1001011100, 11. 00
01110000 throughout the world, 20, 92; 1001011010100001, 11200
1147, 121278, 278 (000 Dr'eperrrate'on)
00 ereren-brenehed Light, 11. 272 01001100 101 men, not men 101· 01001100, 11.
the 1100011101] 01 1100010110 11010, 000 01 404
100 801111, 11. 10, 121, 378 01001100 100 work 01 000 Divino Principle,
0000000 with martyre, ii. 202 202, 204; 11. 40, 212
0000001001011100,11.204 0000110 10001] 1010100, 251, 207, 202,
‚ 110 101010 1000 01 promise, ii. 201 271, 287 ; ii. 204, 2711274
00111000 0100100010, 11. 100 01001100 the work 01 God’e 11111208
01 1001001001 1110 1101001· 01011, 11. 08 01100100 0] 100 Word end 77100010, ib.
01110010, ii. 9-113 Epheeue, ii. 12 μιμήματα reio 1101011100, 142
01 Geni 00 offset 11001 the 11001010 00110 honour 012101000260
000100, 121 021 01111. no expreeeion 0110111] AEonr, 207 , 208
· 000 Gentiles typided 10 110000 end Zip- 00 10001 01 11011100οι10, 208
00101011. 224 00000010100110100101’0 engeis, r'b.
· other 1]000, 11. 222, 220, 227, 201,202, 204 100 work 01 110001010οο0 (Pisto), ii. 120,
0101000100, 1010010111, 100 0. 2 01. 104, 180
000-11001 1000010000010111,000.2; 01, 72 000 0177100001, 11. 290, 220
001 τῆς rivium, 120 02 10 0001 00000 0010 10071010, ii. 272,
’011000010100 00010 0013001110 11. 190 270
’ 01ςο 010011110οΙ 0110010οὶ0100, 11. 182 00 01001100 otmen,end 0101100000101100,0001ι
0000101001010010110010010100,11. 120 00100, 11. 817
clement, 1011010 the 1101000 0000000100, 11. 01001010 00 evidence 01 creetur, ii. 272, 248
1ος 0001100110 00001100, 101 Ep. 00 001. 010000, 00011ος 0000 (1000110100, 20 0.1;
· 0011001000, 10. 91 010122 02

 

