cap. ver. i'om. ρος.
xxxii. 9. 1256

1129
xxxiii. 9. -304

mmm-W

1415. -278

17. -244
111119. -175
11111112. -267
11111. 7. -163
11111. 22. -189
1111315.

m.

12.

17.

xlviiii.
11111121.
1111.1,3.

3, 4.

9-14

113.

Isim·

li. 1, neq.
lvii. 4.

4,5.
1111110.

19. 1323
11111122. 11. 104, 267

26. -52

27. -122
11111112. -252
1111Ι 2. -266

21111-3132
111111.5,6,7. -85
lxxix. 3.

lxxx. 10.
111111.

6.
fla.
11111112.
1111113. -
1111.

13.
xciv. ineqq.
xcv. 1.

5,
xcvii. 1.

2.
xcviii. 1.
ciis-29.
511124. .

30.
eviii. 8.

LOOORUM SCRIPTURAE.

0111111. 'rom μοι.
cix. 1. 1356

anQQ

2511265
5110. -128
exv. 2. -284
¹cxvi. 3. -20
5111122. -57, 256
22, 23. - 277
cxviii. 25. -176
cxxiii. 8. -37, 147
cxxix. 4.
-91

11. - 56, 811117

190

cxlviii. 5. -210
11211304

5, 6. 1382

PROV.

i. 7. 11128
20,21. 11378
1111120.
122.
viii. 15.
22-32 ¹
ix. 10.

111. 17.
111. 1.

ESAI.

1. 2. 11141305
3. 1175
8. 11153
10. -305
11. -105

ἵ 15. -203

16 -300
16-18 -103
17-19. -278
22. -177
23 -140
ii. 3,4. -271
17. -268
. -228
. -93
1827

11148

. . -265
. -219

-ψὴώ

. -247

-31 Fr. 1.

0111 m. rom. pn.
vill.
12.
vii. 10-17
11.
13.
13, 14.
14.

1115.
1111114.
ix. 1.

6.
xi. loeqq.

2.
3.
4.
6-6
12.
111. 2.
1111. 9.
xxv. 8.
9.
111110.
19.
xxvii. 6.
11111116.
111113.
111. 1.
2126.
xxxi. 9.
xxxii. 1.
11111120.
xxxiv. 4.
xxxv. 3.
3,4.
5,6.
1112.

15,17.
22.
1114.
xiii. lseqq. -45,333
3. -221
5. -147,350
10,12 -160
11111. 5,6,7. -185
10. -23
mmm-m
10,20,21.-268
23124. -106
11119. -23
1115. 147,220
7. 11301302

 

