5w

cap, 111 Tem. 1²¹!-
111. 1305

m -mfflz
mm -ω
m -Qw

ufflffiffl
-1111 Q

.-·36

-ffimm

- 1311114

5.
14.
13111.
31140.
43.
46.
46, 47.
11. lueqq. 1. 319
amu-w
11.
69,
11130.
39.
41.
111131.

INDEX

cnp. ver. 10111 m.
11. 35. 11111

3143111-355
54. 1319
xii. 1. -319
17. -70
31. 11160
41. -165
xiii. 5. -118
15. -111
xiv. 1. -105,413
6. -18
6,7. -964
7,9,10. -73
11. -373
16,16. -51
18. 1357
1115. 11183
16. -184
16. -51
17. -71
. -51,11
. -184
11. 1314
14. 11184
xviii. 11. -11
. -103
15. -116
34. -111,157
1117. -411
10,16,17.-816,411
14. 1173
11. 1186

ACTA APOST.

.. 11115
. -71
, . -51

1111
. 1191

cap. w. 'rm m.
11111116. 1165

6. -414

38-43. -187

66, 60. -68
viii. 11111. 1111

17. 11194

anhm

16 seqq. 11 61

17111111 -131

maman-62
ix. 4. seqq. -61

5,15,16.-79

10. -61
1111111-60

28129· -71

34.
3135,

37-44 -60

47. -71
1111411611 -10

15. 190

15-18. 1166
xv. 7-12, -69

13-11. -69

13-30. -70,

39. -74
xvi. flnoqq. -74

13. -75
111114-31. -63
xx. 6. -75

16-18,

11130. -76
ni. lneq. -75
1111115. -79
1111111. —76
1111111. -73

ΕΡ18Τ.Α1) ΒΟΜ.

i. 1-5. 1184
3,4. -111
17. -170
18. -144
10. 1171

11. 11156

1171
11147
41186
1107
-176 ·
. 11170
. -191,141
‘'3522292385
-156,165

 

