11111111 01 wonns. 549·

11111011, 227 11. 11 the correlative 01 γιί,
ee 11011 01 0111111, 299 11. 41 968 11. 2

1111 11111111] 111111 01 AEona, 968 11. 2

end 1111111, 1111,στ11σόμενο1, 266 n. 91
352 n. 4

Helen 1111111011, 191

who created engela, 192

111 1111110111, 199, 191

11111111ρί111 111 prophete, 196

1111101 1111111111, 192

the 1011 1111111, 11.

and 1111111111111111, 199

1111111 11111111, 191

worshipped 11 Jupiter, 194

honoured 1] Claudiae with 11111111, 191
1. 1

hle 1111111, 194 Iul.

antlnomian 1111111141. 91 1941111.

11111111 1111111111 11111 1] 111 graoe,
lrreapeotire 01 their daeda, 199

110111 character 01 1111011 111 11111111]
111110ιί1101 01111 Creator angele, 194

aeni 1] 111111, 11. 1591 111 11111111 1]
111111, 11. 29

1111111110111 01801 111111111 11111111
1] 81111111. 262

knowledge 01801, 11 knowledge 01 111-
111101, ii. 96, 69

appeared 10 111111111101 011, 11. 179

10111011 11 Son 011111, 11. 148, 219, 222,
290-292, 260

01 God the Pother, who 11111111 Law,
ii. 970, 971

mede 11111, that 111 might 1111111 man'a
1111111101,11,9811 111 11111111’1’1’111111
101 1111110111, 11. 911, 9161 1111 1111
might beoome a 1011 1] adoption, il.

11] Son 11111 11111 10 the Pather, 111 1]
Spirit 10 1111 801, 11. 4291 11. 164

(111 Word)

801111] 111111 111 1] adoption, ii. 904

111111111111, 11. 9011 capable 01 1111011-
1101,11. 906

1111 end, 1911. 11 perhape 11111111 10, Sophia 111111011111, 99191 914 0. 21 316
9741. ὅ 111 111111 10 know Bythue, 111 00111-
1111110111011, 14, 902

ignorant 1] degenerating, Achamoth
111οη111]011111,9611.1111. 910

wanderlng AEon, 276

extensior beyond Pleroma, 15, 69, 100

jndged, 11. 407 ¹¹· 1
1111 11111011, 94, 902, 111 imminent 111-

, 10111101, 111, 27, 914, 916, 922 11. 9
Paneion oomrnenoed with Nae, 909
111 1110111] 1] 110111, 19, 201 111

paeaion separated, 11., 28, 91, 9221 111
reetoration 10 the 1111011111.
Valent eppeal to Seriptnre, 27, 922

Sin, 1111111111 111111111, 11. 966, 971
1111111111, 911 forgiven 1] God 11011,
11. 6711 1011111011, 11. 286
1101011111111111]1101,11.249,244
Sine 01 10111111], 1101111 willel, 1111111]

811, 111 number 01 generetlve rirtne, 140
81111111]01111111,11111111111,140111.988
Paraeoeue,140
why man 1111111 101 redeemed on 11111
11],11111101101, 140
with 10111 11111111, 11111111 1111011111,
111 11] 01 man'e formation, 172
81111111111181110101110111, ii. 11, 471 1111111, 111, 912-914, 992
celeiae, 111 111, 00 0. 21 loo, 11411. 41 9111110111, 221, 226
89, 916 0111111228, 299, 296-299
80101101, 001 greater than, 11. 170 (111 Kalymna)
depth 01 knowledge, 11. Soter, 11111111 11 11011111 1100111100, 1111,
10111111]11[1110111,11.240 4711
Temple type 01111111. Soter, Paraelete, 981 oonnterpert 01 AEone,
800 11111111] ρ11111111111,281 111 214, eeq. 42, 581 body-guard 01101111 911317
11. 961 (101, 11. 92, 901 allowed 1] 111111], 1111011111,1121 Totae, 27911111611111,
77111 alone 1111111 the Fether, 9681 11. 2961 not Dominae, 12
44, 158-169, 164, 218, 221 Pandoron, 296, 9261 11. 1471 111111, 79
1111010111 01111111,11.44 111144111011601141802181926
10111 eald 11011 Pleroma, rome 11011 ’
nme, 111 11. 11. 11
10101 from Dodeoed, 11111 901 01Μ111,
119 1. 4
1011111011 61111111181111111.
11111111 110111 Word, 001-11301111
,011111 111 11111, 11. 89, 145
ignorent 1] lmplloation, 11. 202
1 parallel 01 11111111 Pelope, 326

011 Nemo 01 11111111 and 8011, 11. 200

111 11111011 01 111 1111111, 11. 119

Lord, 11 11111111 Lord, ii. 21

Begotten nithe Fatlrer, 11. 481 911]
Man, 11. 260, 916-3181 and 911] (101,
11. 9191, 97, 98, 104, 109

1111111 power 01 11111111, 1111111 111111111
1111111018011,11.44,1611 reciprooally
rerealed, 11. 44

 

