538

011111111,11111111(111,1111, 11. 41 ,
110 11111 four 01111111ιί111, 11. 43, 00
01111 11111, 111111 11111111, 43
111 1111111111, 11. 300, 307
1111111111,1110 1111110111, corrupt, 04,
00, 11. 388
(111111, 110 spirit, 11111111 11111 1, 1111,
31, 313
11111111111111111 11111 11111111, 31, 303,
111111111 ,111,111111111, 331
formed 1111111111, 1111111111,, 33, 1110
1111 11133, 11. 310
11101110111311111111, 330, ΙΙ. 83
111111011μ1111111111, ,11 1111111111.
311, 331
1011111010 11111 Logou, 33, 11111110 to
31111111, 33, 38
1111113 111111 τινα, 100
,1111111,111011111011,, 100101, 1180310
111111111111111111,3311.0,03 113, ω
n. 1, 11. 30
1111011111, 1111111111, 11111111, 1111111111,
01111111, 00 1. 3, 01, 100 11. 0, 11. 83
1111111111110 01111111 111μηί111, 011111.
1, 3, 4, 03 11.1,311, 1110 1111101111
before 111 putiau, 03, 100, 313
11111111 1110 1111111111, 11111111, 111, 11. 83,
81, 8030, 3034
0111111010 on 1111118111111111 10111,
11,61,11ο,111,111,111; 11. 11
111 111 1111111 31111111, 300313, 1140,
04 11. 4, 80, 3038 110, 33, 413 113
1111111010, 011110 1, 1111111111, 300
1,111111, 11113111 1111111111 311111,
101, 11. 43, 81
1111111111, 01, 03, 80 11. 3, 100101
1,,1111111 11111,1111101011 1111101,
0011. 11310
11111111, 111 010 111λῆ111, 001. 3, 11. 43
1. 4, 83
11111 11 1311111111, 301, ,11 111111 11, 313
31111111 81111, 110101, 1181114
811011 111 811111, 10014, 11111110
111 111111111111111,111 81
01111111 11811111, 18311. 3
0,,1111 principiani 0111111338, 13111
11 light, 331, 1111 1111111111, 338, 340
31111111111Εο11, 333, 333
111111 11111110 1, 1111111111 11111111,
1111111 111 1111 1111111, 130, 11111111 011-
,111,10,
11111111 ογ01111, 180 11. 0
1 symbol 01 111 1111111110, 141, 140
1.1

1 symbol 01 111 110110, 11 31111111
1111111111, 148 111, 1, 3

111οΠ 01· WORDS·

1110 to 1111 1111111111οο 11111111 111 111,
1111,111, 30, 333, 330, 330

11 1111 1111111110 111 111-111 1131111111
11111111 11111 1111111130, 340 11. 1

11111 1111111 1110111110, 340 11.1

1111101011 11 (11111110111111113, 01-
11111111αο, 301, 11.

,11111111 111111 11, onmem, 310

Cum 11111111 3111111, 111 111 umen 111- 1
111110 1110 11111110, 11. 31

object 11 0111111111 worship, 310

111-11111111, 11. 31, 3030, 113, 114

1111 (110 1110 11111, 00 11. 3, 11. 110

01111111, 1111 1111131110 111100 50⁸³.
313113

,111011111οο, 11. 131, 111111 11111011 pro·
ρ111,, 11. 311, 313

1111111111 11 1111, 811111, 11. 33

11181111310, 83,11.43,31,83,84,80,
83, 31, 33, 10

11111 from 111 11111 311111 1111 1111
0111111, 11 381, 380, 1111111 ,11111111
1111111 111 1111111111 11 11111113, 11. 311

1111111110 11 1111, (11111, 11. 111, 118

811111, quomod 1111111111101,11. 330

111,11ο111 11111111, 11 131

11111,111111,0111,,111110, 11. 108

0111 1110111110, 11 110

1111,111101111111, 11301

111 111111 1111111111, 11. 303 ,

1101110 11131111. 381

11111111, 111111οο0 1111 1111, ,111-1,

11110 11 8111111, 11. 100

brug: 11111 110 thing· 110 1111, 11. lm,

811111, 11. 113

81111, Salvator, 81111111, 11. 30

111111 without 1111, 11. 303

1111111010 1111, age 01 1111, 331, 11. 101

1110 11011111 1111, ,1111101111 m

111 1111111111111111111111,11. 101

11111111111 11101111, 11. 134

1111111111οά 11111 1111111111, 0. 133

11111110 111 'sempter 1111 seriptum,
11381

111 111, 3111111 lamb, 11. 113

1111111110 11 by 111 Panion, 11. 31

11, 111 811111 ο11111111,11.11

1111111 11111 10111111131 11 (110, 0,

11111111 111 11111 1110 111111, 313

Βοο, 1110 811οο 11 111 3111111111, 11. 138,
1oe (111 Eum)

11111111 Cherubim 11 tour (1111111, 11.
41, 00

moad 1011111111 1111110,,11.30

 

