530 INDEX OF WORDS.

04444 41 14444, 87 4. 6

Demiurge, 44444446 14444 4444444144 41 ,44144-

4 4414444446 4441444 444444, 11. 1, ²³ 44- 44444, 86, 44, 46, 1013 11. 44

44614444 44144 8414444411. 41 ιι. 1
44414444,8844.1;11.9ιι.4; 46446

Demiurge, 14444 ube· 14 414146 644444, 168
414 loe, 176, 460, 461, 474, 804, 818, 841,

(med, 444414144 146144446, 90, 1884 11. 16, 87 6668674 11. 19. 68, 186

(444 11414 44641414)
Creu described, 888 ιι. 44 11. 874
4444 444 91446, 11. 878, 874
04441844444144, 4144 81446 41 044144, 41.
8184 441446 44144 444444, 11. 466 4. 44 467
ιι. 1; 816, 818 4. 4
444146 44 4144444, 116
1141441444 4444444446 444444 41444, 11.
816 4.4
curiosity, 4614 4444444446, 864, 866, 867, 868
0441441 444444 41 6444414444, 486, 878

nadad, 448 n. 4
Dan 44144, 44644 4444,11, 408
11441414 414144 414144 444 44444 41 444 44444,
4441444, 414444, 446 61416144 41 41444,” 11.
884, 883
4441414446 44 8. John, 11. 884 4.8
David 44444644 44144411. 167
David, 44 ιιι 44444414, 11. 489
1144, 114 4441444 61414144, 167 4. 1
no 4444 41 Pleroma, 144 length 4444144,
41444 14446, 44 4 44444446 44444, 11. 887
18444 41444414 14 044144 4444444 4444446 4
44441444 64144, 487 4.1
41444, 44 Ρ44444444, 644 41664414 rau,
446 411344146416444144, 11. 887, 888
⁸¹ 411 6441444 444 444 1411146,” 847
“ 41 4444 day 14444444 44 ι44ιι,” 866
044444, 44444146, 141
11446 44444446 44 4444444 41444 (144444, 870,
876 n. 1
4144444144 4444144 41, 186
nuth 446 Lite 4444444446, 867
elementor christian 6144141144, 11. 406,
, 4044 Gr. Fr. 41.
114446, 14444 144444 446 zoe, 11,100, 114, 811,
444144414, 11 41
1444446 14444 4144 444446, 167 ιι.1
44411146 4ι4ιο4444144114, 166
4444444446 44 1, 464 44 objectu 41 4444441
44444144,170
by various 4444444444 14 84644444, 178
4441444 4414446, 808
Dmlogue, how 6141646, 889 46
neit, 44444144 44 1644 41444, 108 ιι. 1

64441, 1144 1146, 46

444 44414 1146, 11. 146, 160

4414444411. 160, 164, 414

44441141 441414 444 mundun· 4441, 86

4441444 414144, 444 844444 446 11144, 644·
44444444, 644444, 84444, Iud, 16.

144444 4111444860 4414 466, 467

παντοκράτωρ 41 411 4444441144 matter,
161

origin 44 4414441 446 444444146441414,

1144444 446 114641 411 44144444 444 41444-
444,16.; 44464 441444 444441414144444·
444141 4414444444, 144 1444446 444 44444
4444444, 444 1144644444, 414 damas,
48 ιι.4

14444444 Achamoth, 46, 41. 461

41 4 blind 1444444444, 44, 46, 46 484 60,
61, 69, 68 464 64, 78, 466, 880, 818,
8464 11. 44

7414444144 8441444444 44441, 74

4444444 41444414 vd πάντα, 46, 47, 474

444144 4414446, 461, 468-466, 8174 11.
164

,44444444 44446 144 him, 46

nula 41 444 444416, 64

subordinate 44 84444, 666

414 4444444, 60, 64, 74

4444114 4414441, 46 464 47 ιι. ¹3 14, 8744
11. 868, 864, 864

444144 4414446, 11. 18, 666-867

41 41444 444444444, 164 n. 8

4444144446 44144 441414441441441414, 68
ιι.8; 8184 4444444144414, 818

figam 444 4446 44 6444444414, 64, 68,

6444114446 4144 44444444, 68

formed 44414 4144 dra τῆ4 6446444
464144, 446 444444461444 444 4144444-
4414 4144, 49

614444444 44446444 464144 144 6444441446
41444, 64

14 444446 will 44441444 444 44464444,
68, 64, 868, 861, 864

46444446 44 Soter with 444, 64

4441646 44 8444444, 74

4144444144, 168

Democritus, (14444144 44144446 414 plenum
446 4444444, 481 ιι.8

414464 4444144, 484 n. ³3 414 world 16441,
ι .

’1841444 41444444 to 44 followed 44 641444 41 44114446 14 44414· 4141414 4ο 44444, 484

4144, 406

ιι.4

 

