INDEX 01³ WORDS.

01 01011001, 11. 288
0111100101110 11000011, 11. 288
01 10111000 001 11011000, 11. 284
1110 1001, 11.
01 110-1100, 11.
01 10101, 11. 808
111001011101111100, 8800. 1-«1; 802
10101110, 0011011110, 10 110100111 101100,
44 0. 1; 45 nl
1101000010, 41; whence Adem 001110
received 111001010, 11.
001 1000011101, 11. 881 nl
01 110 1011, 86151 11. 881, 880
1010100οο, 11111 dey 0111001, 140
1010111, 124 0. 2; 206
paneadem, 127 0. 9
Porcio, petrletinel etymon, 11. 178 n. 2
Temple 01101 1010111101, 828 0. 1
1010111 100111 01 which 811111 1100 0101001,
828 0.1
type 01 (1111101, 11. 2211 0.4
ieet, e varying 0011010 10 primitive
chureii, ii. 418, 474 ’
1111010000 000101 no 1011 01 0101110, 11.
477
authority 01 81010 0100101 by the
Aeietiee, 416
10111001 0011101 10011111, 201 n. 8
10111001 01800110, 100001011101, 84 ιι. 2;
890. ῦς4000.8,4
10101 (1111110001101101, 828
1011111011111111 101101101, 11. 188, 188, 120
1111111011 preiignred emolunienti. 2211,
001 exemplet, ll. 282-241, 281
8. 10011 111001 11010 0011001, 11. 26, 28
010001011011011001, 11. 1002
10100101 10010 0100110110, 1000010 othir
01101100 10 110 1100101101, 11. 281
111100 0110111110, 885
101 00 prototype ln Vel. Plerome, 826
80111100 rejected by 0011010 (10011101,
why, 800 0.1
0011110110 by 1011101110, 11 111 0. 8
00111 1101010011. 72 0. 13 01. 61 00. 2,8
though mutileted 101101, 218
bnt by Ebionliee, 11. ’18 0. 4
00111001001010, 11. 111
10010001, Bieliop, Vind. 100. 28 0.1
Pelope, myth, 801011001οο 110111, 826 08
Pente, 1011111110, 224 n. 8
1011001100 001 1100101101 01 oneo, why, 11.
222, 294
101100011οο 110 11001011 1011011, 11. 264
1010100 noemogony elmllor 10 0000110, 229 08
10101, 8.,11011101 8. 1111111 (100001, 11. 2,4
1111101 Rome ln 110 reign 01 (11001101,
1000000 01 Simon Megne, il. 8 0.8

545

1111101 100101 more 1100 once, ll. 40. 2;
10 0. 2
11010011 10011 10110001, il. 247
1111111010 11111110011000110101 110 1011, 11.
Philip'e oeteoheele 01110 1100001, 11. 62, 281
11110, 010001001 01 gnoetieiem, 206 0. 2; 288
0. 2
Philtra, 194 0. 1
11001001 0111010010, 1011001 principle· oi,
xxxv-xl, 290 0. 1
11010110 01100100, 828
1100, 01011 10 Romen 1000001001. 11
1111001010 religione then 10101101, 11. 181
111 11111 principle good, li. 1³6
1101100 1 111100 Intelligenee, 888 0. 2
hle 6001 ieie, 288 n. l

1101011100 011001101, 292 0. 1
01001111001224 0.8
triple principle, Delty, mettenperedlgm,
298 0.1
11011001,298110.2,4
11010010 0001010100, 11. 218, 878 0. 6
double 01001100 011100, 288 0.2
000 01 Lethe, 818 n.l
000010100011 886 0. 81 842 0.1
001 11111 to 100011 0 mammetem, 811
0,1
Pleroma, 19, 11 0. 41 νυμφῶν, 68, 188 11. 2
110111011011] 10 Unity, 22 0.2
000 only be 110 110110, 211 0. 8
0000011010001, 211; 01. 219, 260; 0110·
1011001001,262
01 0101010001, 282
000 0001010 0011101 nomm 001 dmm,
200, 211
1000110000 without lt, 261, 262, 264
10101100 1100 01 10101110, 268
11101100 01 good, 1100 0100 01101, 268
11,οι01010011, 11111110 0110 11007 282,
00 true type 01011111, 210
10111001 01000001 00 image 01 grone
1001101, 21
thirty AEnne 00 00001010011 01100111.
10110001 1001101, 270
both redundent 101 10101001, 216-280
exclude· Horne, Chriet, Spirlt,end Soter,
801111 no 1101011 01 10110010 111001, 270
1100011100 0 type oi Clirlet, li. 272 08
10110010 000010101 Β10100 01 8010101 by
Apostles, 01 by 8. 101011. 12 n. 2
1000 1011001001, 11. 12
0001010 content 11111 1101010011. 14, 18
’0. 4
110. 10 1111001001, 11. 14, 101 1001101
0101010011. 418

 

