Μ

⁰ Light 61 11611166, bui 661 66161161, 282
66616116611661 6116166 61 866611, 36
n. 4, 66 6661111661661666161166, 241
1111611666 61 (166111 gift 61 861111, 11. 334
16 66 6611116166 661661161, ii. 339
6161661161 6161116, 11. 296
1616116611666661 61 11111, ii. 164, 166, 297
1616611161] end incorruptinn, ii. 296, 314
111116 166 66661111 Ere 61 3666161661 11111666,
233 63
11661, 6111 16 Romen 1666616166,11 10
Logoe, right 166166, 281 62
11666116 1666 subordinate, in (166 66-6161-
6616 1111616161616 61111, 61 6611666661, 364
1161661161 und 6666661166, 218, 281 11.
3, 286, 364
1661661 6161111166, 281 112
6661111 word no 66161161366
10006166 866 61 (166, 363, 11. 164, 214
16666 6161616616, known only 16 1161661·
166 Son, 366, 6111169
66 beginning, ii. 96, 286
(166166 866, 77, 11. 22, 29, 31, 81, 104,
ΜΜΜΜΜΜΜΜ
(1166161, 82, 266 62, 368, ii. lssn.4;
29, 30, 160, 164, 2113111306, 374
66616616616 herren, 66116 666 6611, 16 66
161, (166 6661616 114611, 11. 161
1616 61 heaven end 66116, 11. 21,32, 61,
88, 89, 214
(11161 611116, 11. 166, 6661116111, 82,
666 11116 161661, 11. 30, 246, 666
861111, 11. 162, 213, 216
1166616611 61 166 1161661, 11. 373
in 66611616 66666 66661666 61 61661166,
373, 376
866611166,11100,107
Senon, 113380, 246, end Judge, ii.
214, 246, 398
1666661666661616 61666 comprehensible,
ii. 87, 88, mensure 61 166 1666111616-
66611616 11611161, 11. 163
(166 mede rieibie, ii. 31, 108, 160, 161,
16166166 16 Μ66 by 166 261661, 11. 169
coeterna] 111111 661661, 344,368, 1196,
168184, 218, end 861111, ii. 213, 214
11661 166 beginning, ii. 183 6.7
1616616 (166 16 1666, 101,169,160,161,
nis-221
1611616116 16 the 116166, 366
16116166 1111166 imege, 11. 366
661666666 161166 66616166, 11. 23, 179
1611611611 6666611666. 221, 16 166 Petri·
61661, 11. 21, 49, 166, 163, 169, 172, 173,
220, 16 61666616, 11. 220-223, 266
666661661611116661,11116 611616 61 en·
thority, 11496

INDEX OF WORDS'.

gere 6111661, 16 016 06166661, 1140
6661661616 166 will 61 166 161661, ii. 36,
89, 161, 164, 218, 332, 366, 374, 336
61166661 61611 16166611. 374
breed 61 161166116111611. 296
panis perfectus Panis, 16.
pere 1116 1116166 11666 16161116,11. 316
11666 61 166 861111, 11. 680
166116616, 11. 33, 42, 82-87, 66, 102, 1011
QQOmmmm
368, 374, (11. Fr. xxvi.; why, ii. 31,
34, 36, 101, 103, 314, 317, 360, 361, 363
1661666166] 666 11116 16166, 1132, 33,
Qffiffim
81166616] 16 661661 61 L„ ii. 222
1166666611 166 61666, 84, 11. 373, 374
why 66666166 661 66 (166, 11. 293
(166 1161161)
116661, Veientinien 66111 6111616166,1011.1,
66116116 166 61611610, 301
6666611 11116 11111 666 nytera, 310
616666666 11661 116166611616616, 10,
6166111116 Logoe end 366, 11661 An·
1616666 666 66616616, 112
ignorent 61861661, 310, 311 ⁴
161116166 6666166 61 866611, 309
wne 661 16666 1166684
11116616, 266 112
1161661166, Peter, 123
111 6666661166, 130
16 6611111161 66111166, 131
61 6 continuone iugne, 16.
6666 161161 66661166 116611 All, 16.
3616616636, 222, 223, 11116 11611616, 16. ·
Basiliam, 199
161 16611166 6611166 666 661166. 11. 1611161111
616 daughters 116616 61666116 1661616 61
men, ii. 263 112
611161 616611 11111 ,1616166 6166161 hn-
616611],11.26466.3,4 ›
1616, 6111 prinniple in Theogon. 287 112
06116166, entire, ii. 477, 61. Gr. 111. 11.
11616118.) symbol 1661161161, 11. 48
61661616 611116 16661166, 11. 33
16616661ιὶ66 618. 26111, 11. 6, 76
exponent 61 8. Penl’n (166661, 11. (16.1
where Gnepel end 6616 written, ii. 6
6. 1
incidente peenlier 16 Goepel, 11. 76-78
6611661166, 11. 33-68
1661116166 by Marcion, 217, 1146
Lumen virginale, 368

14666666166616166161166 6611111661. 18 6. 1
14481, their offering 1116661166, 11. 32 n. 1}
8111116161 aaron 1666, 11. en

 

