1611611611 11611111. 535

6616 6166611161, 62

’161 81116616116161, ii. 147, 149, 169,
172,178, 179, 276, 278, 281, 282, 802,
889, 870, 871, 882, 888, 884, 898

166 miracles, ii. 866, 870

6116ῑί611 66,·6611666 1616166, 11. 160, 161,
248, 246, 246

6611666 66 61166 destruction, ii. 800

066, 261, 267, 264, 806, 849, 11. 80, 16
collective 111116616,111,282, 286, 864
6.1, 11. 176, 868, 868

16611161616, 282, 286, 864, 887, 11. 176,
116661161611. 292, luoomprebeuelble,
868 ; 11. 182, 211, 212, 216, 282

616 61166 11 61171616, 866

will 166 ’16663111 166611611, 111

661 6663661 16 1116611113, 268

by Filiul 16661166, ii. 218, by' 6111111111
revolution ln 3161611.

1166 16 1161, 11. 888

vieinn variously typlfled, 11. 221, 222

1161111 16 6116 16 66, ii. 106, 107

666166 61 16666111 power, 11. 889

66661161, 6666666161 ἅγγελος, 197, wo,
201

811636, 208, 11. 897

61116166 616166 (166 6661116163 616 Sub·
111661, 11. 186, 897 0

1116 (166 6111 16161166 66661Τ16611111,
il. 168

Gode xli. 616611666, 802

611 16111 11 called God, 11. 16616, 11. 28,

1666616111, Ye ore 0666, 11. 22, 102, 146

66 relative 161616 (166, ii. 89, 149, 184, Good 166 6111 by ueture, (Vulmtinue) 66,

116311 166 6616, 11. 16 6. 8

267, 268, (Saloninus) 198

’161166 16 omnibns? ii. 419, 66666 661 coortum, nonnarum, 11, 286, 287, 306

166661661166,11.188-186,191,197,288

giren freely, 66616661 juetly, ii. 282

16661 juet, ii. 188, 186, 282

both 11166 6116 luet, ii. 1³4

1166116 16 6161161116, 268, 264, 272,11.
160, 616 11116616 16 (11611166, 616
power 16 Reuurreotlou 61 6116,11. 826

6616161666 166 1111 6666111 6.1

066 (166 creetur 61611, 11. 11, 264

616113616868, 611 1161166666 over ull,
11188

86616616,844,868,867,868, 888, 16 Love,
Futber3 16 power, Lord; in 11166616,
Creator, 11869

6161166611161636 by 616 11616, il. 164,
214, 6161616 (166611. 186 u.l

Demiurge 61111, 261

6666166 111 1616316, 1116 will, 278-276

6161166 111 161636 11661 nothing, 261,
266, 269, 274, 806, 888, 11. 80, 218
1111611 166 invisible, 864, 868, 11. 29
11 subordinately, 116666 egent? 806

666116 by 3666 1161116, 862, 864, ii. 66

(161661 166 6111 166 116111 ol 166 66611 (166,
11. 167-188, 264, 266

16 1616116611166,11. 181, 192, 266
1666136616. 188
166 661631111 616 1116636111. 272
66111136, 11. 846

866661 11161 61616666, 11116 written, ii. 2
(1616611 only tour, ii. 46, Cherubim, ib. 47

166 foundation 1166 611111· 61 6111· 111111,
11. 2, 166 61 the (16616647

1611 61 liberty, ii. 88 n. 6, 201

16661166 16 by heresy, 11. 46

11116 6183666161, ii. 46 6.1, quoted,
888 6. 1

6111661166 quoted, ll. 16 n.4

611611666, 177 6. 1

Gruoe 116661 Goepei, ll. 176, 280

6161161163, 11. 186, 1111116666 16 AEtb.
71116666281 u. 4

16116116,11. 817, 828

111661· 61 1116, or 61 (leeth, il. 242-240,
278, 280

616111, 1116 oi (166661, 11. 611-66666, (11166 6666616166 6611111111, Var. 68

61136661, who 3116 166 Len, li. 870

(1111116 1616 body 61 christ, ii. 845, nevv
6111116, 846 6. 6

1166116 by reveletion 11111, 272, 11166 by Grumruutioi, ii. 146 6.8

treditlon, ib.

11161166161111611166166611,11.298296
1166116 by love, ii. 182, 212, 218

Habeo 16 1111111617 verb, ii. 107 u. 7

0666661666116(16616611616611361, 116666 61 1111661, 866 166 861111, 11. 120,
11. 898, repar-atlon, 66116 1116 61111- 146, 2186. 6, 811882, 867, 488

11661, 11.
1166116 16 1116611 6611666, ll. 188

116661, impunitior 6166661161, 6661611116 166
861111, 11. 294, 661166 166 61611, 861

6611 6666,11.216, 218, 16 ree 16 16 6116 (6616661661, 166 Amoque)

communion, ib. 217
6666 by pure 16 66611, 11. 216
1666 by 611616111ιί66 6186111111218, 219

11116 61 Christ, 166 1111661, 11. 874
11616 61066166, 16611616, 11. 874

166 spirit everywhere, 11.

 

