032 11011111 01 11011111.

Enetum, 100110111011 rethor 11110 1111111111,
220 0.1
1001111, 220 n.l
01111 11010 Saturninum 11111101, 220
11101111 Adem'e solution, 10.
11111111, 11. 124
10111101 marriage, 200, 1011110111 11010
1010111 10011, ih.
311100, 11 11010111001111010, 280
300110 1101101010, 100, 3011111οηί11, 222,
811010 Men, 1111 800 01 1100, 227
3001111 01111100 10 1111103111, 11. 180, 11101-
11110 10 30110111, 11. 330
3011111110 1000011101 1111 Son (Basilidin),
302 n. 4
10010111, defined, 281
Enthymesis, began 111111 Nus, 14 0. 4, 303 n. 4,
321, (e type 01 21110010 0111 0111111), 20,

11., 0111111111 the {muge 01 Bython-483
1011 00110111 1111111000 0101010131,
40, 1111 1001101 111 ,111011111110101111
Pleroma, 1101111011 the 1110000111 01111·
1010131, 40, 48, 10 1111 end 1110110 10
Pleroma, 08, 73, 1111 0001011 01 80110, 08,
70, 11101111, 308, grou 0111111 formed
11001 1111 1110011, 48, 10110101111 men,
00 0.2, 01. 320, Leto 1001110ῑί110, 320,
,4001130101 1001011111, 201, 10010111 10 the
1011 111110, 73, 01101 of 111111,1’1., 10 1111
0100111111 Δο01,74,.Ῐο1111,20,323, 8010-
1010011110 1100110, 21, 1010111100, 08,
11.322,101011101 01 81000001, produco 01 -
11011 of 01110010 102, 1011 0.1, 1111111100
312-310, 11. 274, 270, Intentio, 011101011-
01100, 20, 3110011000, 28, 0001111110, 403
no

32, nomed 11001111 000000, 28, 44, 1011 3011101111 111, 01 8110110 101101 1111

Achamoth, 31, 1110 301111, 1101101111-

ereuer virgin, 11. 11, 10 no

111101, 801111, Lord, 33, 40, 1111 0111110, epicum, 1001111 by (inertior, 201, 11. 0. 2,

33, 34, 200, 274, 302, 1011 1300111011, 34

11. 133

n. 3, 1101101100, 011000110101001111, 141, 3010110011, 102 0. 2, 11110110 the 1011101· 01

0011111, 10010100101 will, 228, the oon-
0011100 medium 01001111, 14 n. 4, 17

30010100001111110,103 02, 111. 11111111
whether 1111 100 01 0110000111, io.

n.3; 10 02, 0100001 01 111100 1300, 310, 3011111001, Presbyter, 11. 7 00, 10 0.1
herpone, 32, 1101101 0 1101101, 11. 131, 3011100010, 10011011111, 11. 8, 12, 230, 202,

0010110111 end 101000111101111, 20, 32,

317

310, 11. 130, 270, repented 11001 11110011, 3011100001 101011110011010 30011111, 111101-

31, 1011 1111111010 by florano& 1101 11-
111010 011οο1 01 1011001101110, 33, 01 1111-

00110011, 11. 7-10, 8 n· 0, 238
111 1011011, e 001101 herere, 11. 230

10111010011111110 1111111111, 228, her forme· 30111001011111110111011 00111100, three, 147

1100 κατ’ 010101, 32, 201, 202, 1101101101

113

101111111 01111100, 201 0. 3, 10101101011111- Episemou 3011, 111110 0111111110 101 Γ, 138

10101100, 10, 27, 314, 310, 322 113, her

n.4

convenior, 30, 110111111010100111011001, 30111001, eeyrnbol¹ 148 11. 2, 101 0. 2
1011 01 Demiurge, ³6‚46; 11111111· end ,0111 1111010101 1010001111, 130140 0. 4, 141 0. 1

gere 10 0111111 111 0111 10011111010, 17, 30
0. 4, 40 0. 2, 200, Christ 110110 herthe

eymbolieed hy double consonante, 141
0 type 01 Achamoth, 141

AEon 3110111111, 38, with 100111 1111111111, 3011100110, 30101100111 AEon, 220

39 n. 2, her formation 10111 γνῶσιν, 0011 3011100, written 11 11, 140 n.1

1110111100 01 1111001, 30 0. 4, 11111111 11 hypo· 3110001301111100111 AEon, 220

11011110, 3000. 2,4, 30,40 003, 4, 314, 320, Error 1110001 1111 11111001, 3, 11111111, 0001111011,

1011 gives 111 1111 0110110111 to 0101111, 30,

11. 401

· 41, before wholly 01001111 01 1001111100, 3100 venerated by 01101111, 241

40, 41, 30111. 0011 1111 11010 0111100, oon·

1111 1011 birthright 1000011101, 220

0111111 111 1011111101 011011οἱ1, 41, 310, 310, 01111101101,1450.3, 14701

01111 1111 11110111 01 801111003111111001,

111110111010101101, 102, 100

10, 11001 1011001, 01 better things, 100, 3111001 (111 Ρ11011111111,11“[1)
nmen 0011111011, 300 0. 2, 1111111010 pro· 3110011011,301.11.11,011,10100111 first

dnoe, 110111 from 0111100, psyche 11010

three, 11. 3 02

0001111100, spiritua! 11001 1031111 111100, 300111011010111110001011 01 the benet, 11.

’ 41, 42, 200, 300, 301, could 00110110 1111

4oe

10111101] 1111011 qua 00010011001111, 42, 3111111111,1001111Β111100 01110011, 11. 11

1101 1001111111 11, 00, 01, 02, 02, 10 forming 3011011100 oblatio, 0110111 1011-01111011, 11.
01011111, 0111101111 the ,1001101010 01 80111, 139 n. 3, 201 0. 1, 203, 11. Gr. rr. xxxvi.
42, formed 111 Demiurge, 30 03, 42, 3001131111 01111101, 01 1111111100 1110011.

101 1111110,ι·0.,11 111110 formed 1111111011,

1101111016

 

